<?xml version="1.0"?>
<opencv_storage>
<calibrationDate>"Sun 07 Jul 2024 12:06:59 PM PDT"</calibrationDate>
<framesCount>19</framesCount>
<cameraResolution>
  1280 720</cameraResolution>
<cameraMatrix type_id="opencv-matrix">
  <rows>3</rows>
  <cols>3</cols>
  <dt>d</dt>
  <data>
    658.06017101883856 0. 619.17695636889653 0. 658.06017101883856
    343.44435844379899 0. 0. 1.</data></cameraMatrix>
<cameraMatrix_std_dev type_id="opencv-matrix">
  <rows>4</rows>
  <cols>1</cols>
  <dt>d</dt>
  <data>
    0. 0.86546723993674923 0.75918177825165634 0.71739399007163673</data></cameraMatrix_std_dev>
<dist_coeffs type_id="opencv-matrix">
  <rows>1</rows>
  <cols>5</cols>
  <dt>d</dt>
  <data>
    -0.1722214843354164 0.026194602462716206 0. 0. 0.</data></dist_coeffs>
<dist_coeffs_std_dev type_id="opencv-matrix">
  <rows>5</rows>
  <cols>1</cols>
  <dt>d</dt>
  <data>
    0.00031185006342030001 0.00017937509480907811 0. 0. 0.</data></dist_coeffs_std_dev>
<avg_reprojection_error>0.33338031096735993</avg_reprojection_error>
</opencv_storage>
