<?xml version="1.0"?>
<opencv_storage>
<calibrationDate>"Tue 19 Nov 2024 12:01:21 AM PST"</calibrationDate>
<framesCount>49</framesCount>
<cameraResolution>
  1280 720</cameraResolution>
<cameraMatrix type_id="opencv-matrix">
  <rows>3</rows>
  <cols>3</cols>
  <dt>d</dt>
  <data>
    688.47291481046761 0. 653.33901845220987 0. 688.47291481046761
    352.89376687778525 0. 0. 1.</data></cameraMatrix>
<cameraMatrix_std_dev type_id="opencv-matrix">
  <rows>4</rows>
  <cols>1</cols>
  <dt>d</dt>
  <data>
    0. 1.0795064280800746 0.90018648142715518 0.78317862327824161</data></cameraMatrix_std_dev>
<dist_coeffs type_id="opencv-matrix">
  <rows>1</rows>
  <cols>5</cols>
  <dt>d</dt>
  <data>
    -0.17634728180828133 0.028993683449079648 0. 0. 0.</data></dist_coeffs>
<dist_coeffs_std_dev type_id="opencv-matrix">
  <rows>5</rows>
  <cols>1</cols>
  <dt>d</dt>
  <data>
    0.00039581655565958801 0.00025966732633758558 0. 0. 0.</data></dist_coeffs_std_dev>
<avg_reprojection_error>0.44774627684246848</avg_reprojection_error>
</opencv_storage>
