<?xml version="1.0"?>
<opencv_storage>
<calibrationDate>"Fri 15 Nov 2024 11:18:38 PM PST"</calibrationDate>
<framesCount>49</framesCount>
<cameraResolution>
  1280 720</cameraResolution>
<cameraMatrix type_id="opencv-matrix">
  <rows>3</rows>
  <cols>3</cols>
  <dt>d</dt>
  <data>
    661.16026866673758 0. 624.87736714752407 0. 661.16026866673758
    350.00845562625517 0. 0. 1.</data></cameraMatrix>
<cameraMatrix_std_dev type_id="opencv-matrix">
  <rows>4</rows>
  <cols>1</cols>
  <dt>d</dt>
  <data>
    0. 0.48885610441788696 0.56515272354863744 0.47403106071990453</data></cameraMatrix_std_dev>
<dist_coeffs type_id="opencv-matrix">
  <rows>1</rows>
  <cols>5</cols>
  <dt>d</dt>
  <data>
    -0.17276160066734625 0.025735553826534127 0. 0. 0.</data></dist_coeffs>
<dist_coeffs_std_dev type_id="opencv-matrix">
  <rows>5</rows>
  <cols>1</cols>
  <dt>d</dt>
  <data>
    0.00032145696112583476 0.00023373869493992306 0. 0. 0.</data></dist_coeffs_std_dev>
<avg_reprojection_error>0.48346365762595672</avg_reprojection_error>
</opencv_storage>
